147
152
149
125
163
122
147
180
100
166
177
162
141
134
170
184
145
126
140
193
151
117
186
185
150
196
182
190
170
117
105
157
153
105
169
114
139
158
111
188
157
181
190
184
170
100
108
131
172
192
141
127
136
187
181
185
172
152
119
122
132
186
174
106
180
108
132
167
128
160
173
158
122
165
109
154
192
110
111
150
144
173
186
189
190
145
177
172
142
122
174
159
189
156
166
192
115
126
112
127
178
120
199
167
160
130
119
126
180
144
132
182
190
114
130
182
107
154
139
124
178
141
189
149
198
148
153
163
196
154
168
169
106
103
167
176
118
190
179
165
1000297
1000166
129
194
133
117
126
184
177
170
143
140
157
163
186
102
153
143
185
145
155
110
100
187
190
198
106
151
196
122
172
126
119
161
113
116
163
145
185
127
156
147
144
144
183
128
104
104
143
140
145
121
187
136
123
122
134
182
167
187
168
190
